lambda n k
0.0100000000000000  1.99874212285352    7.40160564289515e-07
0.0200000000000000  1.99496373791465    5.93249304218415e-06
0.0300000000000000  1.98865049436344    2.00856923709213e-05
0.0400000000000000  1.97977816906083    4.78237796031694e-05
0.0500000000000000  1.96831219444569    9.39496422498963e-05
0.0600000000000000  1.95420696748117    0.000163516145663353
0.0700000000000000  1.93740490652807    0.000261908274293207
0.0800000000000000  1.91783520880517    0.000394940720131893
0.0900000000000000  1.89541224242518    0.000568976766003941
0.100000000000000   1.87003348167680    0.000791076435636021
0.110000000000000   1.84157685895607    0.00106918505900473
0.120000000000000   1.80989735642963    0.00141237821762450
0.130000000000000   1.77482258702928    0.00183118647403141
0.140000000000000   1.73614700450444    0.00233803504447199
0.150000000000000   1.69362421378938    0.00294785264195312
0.160000000000000   1.64695658740033    0.00367893559804121
0.170000000000000   1.59578096190723    0.00455420855720960
0.180000000000000   1.53964846170926    0.00560312245782817
0.190000000000000   1.47799522295529    0.00686461815031610
0.200000000000000   1.41009844732108    0.00839195805439517
0.210000000000000   1.33500765672896    0.0102610243716721
0.220000000000000   1.25143152158357    0.0125855176537332
0.230000000000000   1.15753908229747    0.0155471652403854
0.240000000000000   1.05057962634948    0.0194626090377881
0.250000000000000   0.926065577974920   0.0249555548554986
0.260000000000000   0.775684807682064   0.0335132110894466
0.270000000000000   0.580193703304924   0.0501754876831495
0.280000000000000   0.268709074846921   0.120825004070894
0.290000000000000   0.0744887505624970  0.484239038793258
0.300000000000000   0.0549251629349535  0.727009425670726
0.310000000000000   0.0482298084669144  0.913498864267024
0.320000000000000   0.0451717819368366  1.07278258652603
0.330000000000000   0.0437226143632531  1.21549992488752
0.340000000000000   0.0431530234438622  1.34689796418303
0.350000000000000   0.0431304964260104  1.47000389708942
0.360000000000000   0.0434799352355059  1.58674361280351
0.370000000000000   0.0440996700890492  1.69842749464179
0.380000000000000   0.0449263229086013  1.80599203432380
0.390000000000000   0.0459181900705482  1.91013212769992
0.400000000000000   0.0470466346082099  2.01137892751222
0.410000000000000   0.0482913014138866  2.11014830644610
0.420000000000000   0.0496373031388701  2.20677241771830
0.430000000000000   0.0510734868153768  2.30152102443833
0.440000000000000   0.0525913241260602  2.39461636853598
0.450000000000000   0.0541841772767239  2.48624381273028
0.460000000000000   0.0558467994703216  2.57655963175531
0.470000000000000   0.0575749865868963  2.66569683000611
0.480000000000000   0.0593653290240664  2.75376956130967
0.490000000000000   0.0612150315026381  2.84087653848472
0.500000000000000   0.0631217799867603  2.92710369970778
0.510000000000000   0.0650836418940100  3.01252631934372
0.520000000000000   0.0670989902343180  3.09721069752415
0.530000000000000   0.0691664452177764  3.18121552613657
0.540000000000000   0.0712848287962605  3.26459300330508
0.550000000000000   0.0734531289050373  3.34738975027905
0.560000000000000   0.0756704710652806  3.42964757155490
0.570000000000000   0.0779360956333116  3.51140408949253
0.580000000000000   0.0802493394251032  3.59269327761261
0.590000000000000   0.0826096207624066  3.67354591146684
0.600000000000000   0.0850164272178162  3.75398995196845
0.610000000000000   0.0874693055058289  3.83405087301163
0.620000000000000   0.0899678530930330  3.91375194285001
0.630000000000000   0.0925117111951267  3.99311446687103
0.640000000000000   0.0951005589000495  4.07215799796532
0.650000000000000   0.0977341082111723  4.15090051955538
0.660000000000000   0.100412099846559   4.22935860544490
0.670000000000000   0.103134299662948   4.30754755992730
0.680000000000000   0.105900495598587   4.38548154100979
0.690000000000000   0.108710495049113   4.46317366913715
0.700000000000000   0.111564122606523   4.54063612341488
0.710000000000000   0.114461218103929   4.61788022701646
0.720000000000000   0.117401634918919   4.69491652319959
0.730000000000000   0.120385238496467   4.77175484314199
0.740000000000000   0.123411905058980   4.84840436662883
0.750000000000000   0.126481520476390   4.92487367647474
0.760000000000000   0.129593979273616   5.00117080743895
0.770000000000000   0.132749183756328   5.07730329028678
0.780000000000000   0.135947043238885   5.15327819156209
0.790000000000000   0.139187473360812   5.22910214956021
0.800000000000000   0.142470395480209   5.30478140692704
0.810000000000000   0.145795736134189   5.38032184025495
0.820000000000000   0.149163426557888   5.45572898700022
0.830000000000000   0.152573402254762   5.53100807000590
0.840000000000000   0.156025602611934   5.60616401987992
0.850000000000000   0.159519970555181   5.68120149544840
0.860000000000000   0.163056452238887   5.75612490247800
0.870000000000000   0.166634996766918   5.83093841083923
0.880000000000000   0.170255555940882   5.90564597026278
0.890000000000000   0.173918084032711   5.98025132482400
0.900000000000000   0.177622537578868   6.05475802627589
